50 
490 
40  33  
19  40  
27  40  
25  40  
1  19  
8  19  
18  8  
35  25  
23  18  
20  40  
10  1  
43  19  
7  19  
45  40  
6  45  
48  8  
4  8  
37  40  
9  7  
38  23  
44  43  
14  33  
11  14  
0  10  
41  7  
47  7  
16  35  
36  37  
28  38  
3  6  
26  0  
42  48  
5  20  
12  9  
15  9  
21  37  
17  20  
24  0  
22  5  
2  18  
39  21  
30  42  
34  48  
49  45  
46  30  
13  0  
29  44  
31  12  
32  22  
39  45  
20  34  
28  17  
1  47  
2  17  
42  2  
6  1  
30  36  
41  15  
39  44  
29  31  
17  47  
21  31  
25  9  
27  17  
6  47  
3  36  
15  6  
33  19  
24  28  
21  32  
29  3  
19  20  
15  40  
49  46  
45  46  
1  21  
5  29  
38  14  
28  41  
0  43  
0  34  
14  24  
14  37  
6  43  
41  27  
36  32  
1  37  
28  25  
7  24  
21  8  
45  29  
37  35  
43  18  
28  43  
11  28  
29  26  
4  43  
38  6  
40  4  
18  28  
38  19  
46  24  
43  20  
49  22  
25  44  
40  5  
39  4  
36  19  
32  42  
14  47  
7  5  
4  48  
11  22  
28  49  
43  46  
18  40  
10  5  
1  11  
30  28  
36  44  
26  22  
15  8  
16  32  
8  24  
37  12  
36  2  
49  29  
0  18  
21  23  
30  33  
44  10  
13  49  
31  49  
46  9  
23  13  
45  26  
16  34  
34  26  
42  36  
7  45  
6  29  
18  37  
12  48  
22  9  
9  36  
10  42  
37  6  
1  13  
22  21  
5  19  
49  21  
11  40  
17  5  
28  27  
8  20  
24  22  
19  46  
31  30  
34  42  
0  25  
35  22  
49  40  
13  48  
40  24  
40  9  
31  19  
5  44  
4  29  
19  23  
42  29  
34  43  
5  21  
17  4  
13  11  
4  26  
9  44  
6  34  
21  42  
39  22  
48  36  
8  3  
48  3  
48  40  
46  18  
29  0  
46  38  
47  49  
40  3  
33  13  
47  3  
25  2  
46  25  
38  7  
29  36  
10  14  
21  10  
4  28  
27  0  
48  6  
2  44  
43  39  
2  28  
3  0  
31  47  
38  9  
1  35  
34  39  
42  15  
27  4  
14  35  
29  43  
35  27  
0  38  
39  17  
38  42  
45  43  
40  32  
40  41  
19  26  
32  11  
17  23  
11  31  
34  40  
26  24  
7  14  
18  5  
8  12  
36  0  
46  26  
44  16  
29  46  
40  47  
20  1  
43  7  
27  12  
36  14  
5  12  
40  12  
29  10  
19  39  
24  5  
41  20  
33  37  
16  20  
17  6  
10  49  
37  5  
9  17  
18  45  
33  23  
8  23  
37  39  
33  7  
28  7  
14  21  
9  18  
38  25  
38  24  
31  43  
49  17  
13  22  
44  23  
12  32  
40  42  
15  21  
41  47  
1  31  
30  48  
25  31  
2  31  
39  46  
4  38  
30  18  
21  20  
29  27  
35  36  
44  49  
11  27  
10  18  
5  13  
11  5  
34  41  
25  5  
14  39  
32  17  
30  43  
43  36  
3  43  
13  29  
19  10  
32  44  
17  46  
41  3  
43  23  
41  10  
18  17  
36  13  
8  30  
4  21  
11  33  
35  39  
23  4  
1  5  
3  35  
39  49  
26  13  
27  46  
31  15  
10  36  
18  11  
34  22  
27  34  
22  48  
30  13  
47  0  
30  23  
14  9  
22  47  
24  32  
35  32  
43  48  
36  40  
28  9  
33  41  
48  23  
22  4  
35  21  
7  15  
47  21  
18  1  
8  34  
48  41  
26  48  
15  2  
9  6  
10  16  
24  9  
39  0  
3  31  
39  26  
23  37  
31  32  
22  31  
29  40  
4  0  
31  13  
7  44  
3  20  
33  32  
31  37  
15  46  
25  4  
22  42  
32  34  
31  6  
8  45  
49  12  
47  33  
27  9  
37  32  
16  13  
10  32  
11  35  
30  40  
26  16  
20  42  
39  25  
43  37  
28  32  
5  38  
25  15  
20  37  
22  33  
0  7  
47  27  
28  39  
48  38  
10  43  
26  49  
37  27  
49  7  
16  2  
17  41  
35  18  
5  16  
28  8  
47  5  
45  0  
25  47  
33  12  
27  32  
21  43  
34  21  
9  35  
7  4  
11  12  
22  41  
0  12  
32  49  
23  15  
14  40  
13  41  
22  37  
37  9  
28  21  
30  37  
6  40  
11  19  
17  11  
33  1  
17  14  
39  32  
25  29  
41  12  
36  20  
6  44  
14  15  
14  26  
36  33  
35  2  
40  39  
9  31  
23  14  
35  48  
45  27  
48  49  
6  10  
36  21  
8  27  
40  23  
14  42  
44  19  
38  1  
26  33  
25  16  
12  42  
29  2  
18  31  
2  24  
7  18  
16  33  
22  23  
7  12  
25  33  
47  46  
18  41  
3  26  
24  30  
43  35  
48  5  
30  29  
9  48  
10  12  
24  19  
30  41  
2  10  
30  26  
33  39  
40  8  
31  10  
40  13  
41  38  
17  29  
21  30  
49  24  
32  19  
10  23  
13  37  
1  39  
15  49  
15  36  
34  33  
42  4  
44  24  
39  9  
13  18  
3  12  
4  33  
49  34  
19  15  
3  19  
0  37  
2  37  
12  39  
10  4  
11  7  
16  42  
5  43  
29  11  
45  32  
