20 133 4 3
0 9
0 10
0 13
0 15
0 16
0 17
0 18
1 7
1 12
1 18
2 3
2 4
2 7
2 13
2 16
2 18
3 0
3 1
3 9
3 11
3 12
3 13
3 14
3 16
4 1
4 5
4 7
5 2
5 3
5 6
5 7
5 8
5 10
5 14
5 15
6 0
6 1
6 3
6 4
6 7
6 14
6 15
6 17
6 18
6 19
7 0
7 3
7 8
7 12
7 13
7 15
7 17
7 19
8 1
8 2
8 3
8 4
8 9
8 15
8 17
8 18
9 5
9 6
9 7
9 11
9 12
9 13
9 17
9 18
10 1
10 2
10 4
10 7
10 9
10 12
10 13
10 18
11 1
11 5
11 6
11 12
11 13
12 0
12 2
12 5
12 14
12 15
12 16
13 1
13 4
13 5
13 6
13 8
13 12
13 14
13 15
13 16
14 2
14 4
14 7
14 8
14 11
14 17
15 9
15 11
15 14
15 17
15 19
16 5
16 6
16 8
16 14
16 15
16 17
16 19
17 3
17 12
17 13
17 18
18 4
18 11
18 14
18 16
19 1
19 2
19 3
19 4
19 8
19 9
19 10
19 11
19 13
19 17
