20 133 5 3
0 3
0 8
1 0
1 2
1 5
1 8
1 9
1 12
1 13
1 14
1 15
1 19
2 0
2 3
2 7
2 12
2 13
2 15
2 16
3 6
3 9
3 18
4 0
4 1
4 7
4 12
4 13
4 14
4 16
4 17
5 0
5 2
5 4
5 9
5 18
5 19
6 0
6 1
6 2
6 4
6 8
6 9
6 11
6 13
6 16
6 17
7 6
7 8
7 9
7 13
7 17
8 2
8 3
8 13
8 19
9 4
9 10
9 11
9 16
9 17
10 0
10 1
10 3
10 4
10 6
10 7
10 12
10 13
10 14
10 15
10 17
10 18
11 2
11 4
11 5
11 8
11 10
11 13
11 14
11 18
12 5
12 6
12 7
12 8
12 9
12 11
12 14
13 3
13 5
13 9
13 15
13 16
13 17
13 19
14 0
14 3
14 5
14 6
14 7
14 9
14 18
15 0
15 3
15 4
15 7
15 9
15 11
15 12
15 16
16 1
16 3
16 5
16 7
16 10
16 12
16 14
17 0
17 1
17 2
17 3
17 8
17 12
17 15
18 2
18 6
18 7
18 13
18 15
18 19
19 2
19 10
19 14
19 16
