20 133 3 1
0 1
0 4
0 5
0 8
0 13
0 15
0 16
1 9
1 10
1 11
1 12
1 13
1 14
1 16
2 1
2 5
2 6
2 12
2 13
2 14
2 15
2 18
3 0
3 2
3 8
3 9
3 10
3 13
3 15
3 16
4 2
4 9
4 11
4 18
5 3
5 4
5 6
5 8
5 9
5 12
5 13
5 14
6 0
6 4
6 10
6 12
6 14
6 17
7 0
7 1
7 2
7 3
7 5
7 6
7 8
7 9
7 10
7 13
7 18
7 19
8 1
8 2
8 11
8 17
8 18
8 19
9 2
9 6
9 13
9 14
9 15
10 2
10 5
10 13
10 18
11 0
11 2
11 5
11 6
11 7
11 9
11 12
11 17
12 0
12 7
12 8
12 9
12 16
12 19
13 4
13 6
13 8
13 11
13 17
13 19
14 8
14 10
14 13
15 7
15 11
15 12
15 13
15 14
15 16
16 4
16 7
16 8
16 9
16 10
16 11
16 13
16 14
16 19
17 0
17 1
17 5
17 10
17 12
17 14
18 0
18 3
18 6
18 13
18 15
18 17
19 0
19 2
19 3
19 4
19 9
19 11
19 17
19 18
