20 133 3 1
0 7
0 13
0 15
0 17
0 18
0 19
1 4
1 7
1 9
1 11
1 18
2 1
2 3
2 5
2 6
2 7
2 11
2 12
2 19
3 5
3 7
3 8
3 9
3 13
3 15
3 16
4 6
4 12
4 14
4 16
4 19
5 9
5 10
5 14
5 15
5 17
6 1
6 10
6 14
7 4
7 5
7 13
7 14
7 15
8 1
8 4
8 5
8 6
8 7
8 11
8 12
8 18
8 19
9 0
9 2
9 4
9 10
9 15
9 18
9 19
10 2
10 7
10 8
10 11
10 12
10 17
11 0
11 4
11 5
11 9
11 13
11 17
11 18
12 0
12 5
12 6
12 7
12 9
13 1
13 4
13 5
13 6
13 8
13 9
13 10
13 12
13 14
13 15
13 16
14 0
14 2
14 3
14 10
14 16
14 18
14 19
15 1
15 4
15 8
15 10
15 12
15 14
15 18
16 1
16 6
16 7
16 8
16 9
16 10
16 12
16 15
16 18
17 1
17 4
17 6
17 12
17 14
17 16
17 19
18 4
18 5
18 6
18 7
18 12
18 17
18 19
19 1
19 3
19 7
19 10
19 11
19 15
19 16
