20 133 4 1
0 4
0 7
0 8
0 11
0 14
0 17
1 0
1 4
1 11
1 12
1 13
1 14
1 15
1 19
2 1
2 8
2 10
2 13
2 14
2 17
3 0
3 1
3 2
3 6
3 7
3 9
3 12
3 14
3 18
3 19
4 3
4 5
4 17
4 18
5 1
5 2
5 3
5 8
5 13
5 16
5 19
6 0
6 1
6 2
6 5
6 10
6 12
6 13
7 1
7 2
7 4
7 10
7 19
8 1
8 4
8 7
8 10
8 15
8 16
8 18
9 0
9 6
9 7
9 11
9 12
9 13
9 17
9 18
10 0
10 1
10 5
10 12
10 13
10 14
10 19
11 3
11 5
11 6
11 10
11 13
11 14
11 17
11 18
12 2
12 4
12 7
12 15
12 16
12 18
13 4
13 7
13 12
13 16
14 4
14 7
14 8
14 12
14 13
14 15
14 17
14 19
15 3
15 4
15 6
15 7
15 9
15 11
15 16
15 17
16 2
16 3
16 4
16 6
16 9
16 10
16 14
16 18
17 6
17 10
17 12
18 1
18 5
18 6
18 7
18 14
18 15
18 19
19 0
19 6
19 8
19 9
19 13
19 17
