20 133 5 3
0 1
0 2
0 4
0 9
0 13
0 18
0 19
1 2
1 3
1 4
1 8
1 9
1 15
1 16
1 17
1 19
2 4
2 5
2 6
2 8
2 9
2 13
2 18
2 19
3 2
3 6
3 7
3 8
3 13
3 14
3 15
4 3
4 5
4 6
4 7
4 12
4 15
4 16
5 0
5 1
5 3
5 6
5 7
5 9
5 16
6 1
6 9
6 10
6 17
7 2
7 6
7 12
7 13
7 14
7 19
8 7
8 14
8 16
8 17
9 4
9 7
9 8
9 10
9 12
9 14
9 16
9 18
9 19
10 2
10 5
10 8
10 11
10 13
10 14
10 15
11 0
11 3
11 5
11 8
11 17
12 2
12 3
12 6
12 8
12 14
12 17
13 5
13 6
13 9
13 11
13 17
13 18
13 19
14 0
14 1
14 2
14 4
14 11
14 17
15 2
15 6
15 7
15 13
15 14
15 19
16 0
16 3
16 6
16 7
16 10
16 11
16 12
16 14
16 15
16 17
16 18
17 3
17 7
17 9
17 10
18 3
18 5
18 7
18 15
18 17
19 6
19 8
19 10
19 11
19 12
19 14
19 16
19 17
