20 133 5 4
0 2
0 6
0 8
0 9
0 16
0 18
0 19
1 0
1 2
1 3
1 5
1 6
1 10
1 12
2 3
2 8
2 10
2 12
2 14
2 15
3 0
3 5
3 7
3 11
3 12
3 15
3 19
4 1
4 10
4 11
5 0
5 4
5 11
5 16
6 3
6 4
6 5
6 7
6 10
6 13
6 15
6 16
7 0
7 2
7 5
7 9
7 12
7 16
7 18
8 1
8 3
8 5
8 6
8 7
8 11
8 12
9 2
9 3
9 6
9 16
9 17
10 0
10 3
10 5
10 9
10 11
10 13
10 17
11 0
11 2
11 7
11 12
11 13
11 17
11 18
11 19
12 5
12 6
12 13
12 15
12 18
13 0
13 3
13 4
13 5
13 9
13 16
13 17
13 19
14 0
14 1
14 4
14 5
14 9
14 11
14 13
15 1
15 5
15 9
15 11
15 18
16 1
16 8
16 10
16 12
16 15
16 18
16 19
17 0
17 2
17 5
17 7
17 8
17 14
17 15
17 16
17 19
18 1
18 2
18 4
18 5
18 9
18 13
18 19
19 1
19 4
19 5
19 6
19 7
19 9
19 10
19 12
19 14
