20 133 3 2
0 4
0 5
0 12
0 14
0 16
0 17
1 0
1 4
1 5
1 7
1 13
1 17
2 0
2 1
2 6
2 11
2 12
2 16
2 19
3 2
3 4
3 7
3 9
3 10
3 11
3 14
3 19
4 6
4 13
4 15
4 16
4 17
5 2
5 3
5 4
5 6
5 9
5 10
5 12
5 16
6 0
6 1
6 3
6 14
6 16
6 18
7 2
7 4
7 9
7 11
7 13
7 18
8 3
8 4
8 5
8 6
8 7
8 12
8 13
8 15
8 16
8 17
8 18
9 11
9 12
9 15
9 17
10 0
10 2
10 4
10 6
10 8
10 12
10 14
10 15
10 19
11 0
11 4
11 8
11 10
11 14
11 15
12 3
12 6
12 15
12 17
12 18
13 2
13 3
13 5
13 6
13 11
13 12
13 15
14 1
14 2
14 4
14 5
14 9
14 16
14 18
15 0
15 1
15 3
15 5
15 7
15 16
15 18
16 3
16 10
16 13
16 17
17 2
17 3
17 6
17 13
17 19
18 1
18 2
18 3
18 4
18 5
18 10
18 13
19 1
19 6
19 8
19 9
19 11
19 13
19 14
19 15
19 18
