20 133 3 2
0 1
0 2
0 3
0 4
0 6
0 7
0 10
0 12
0 14
0 16
0 19
1 5
1 7
1 8
1 12
1 13
1 16
1 17
2 1
2 4
2 5
2 9
3 1
3 5
3 9
3 11
3 12
3 19
4 1
4 12
4 13
4 19
5 6
5 9
5 18
6 2
6 4
6 7
6 8
6 15
6 17
6 18
6 19
7 3
7 4
7 5
7 10
7 17
8 5
8 7
8 13
8 17
8 18
9 1
9 8
9 18
9 19
10 1
10 2
10 4
10 5
10 6
10 11
10 13
10 16
10 18
11 0
11 1
11 5
11 6
11 7
11 18
11 19
12 2
12 6
12 9
12 10
12 13
12 14
12 15
12 17
13 0
13 2
13 5
13 7
13 14
13 17
13 19
14 5
14 8
14 9
14 15
14 17
14 18
15 0
15 1
15 3
15 4
15 8
15 9
15 10
15 13
15 18
15 19
16 3
16 4
16 7
16 8
16 11
16 13
16 14
16 15
16 17
16 18
16 19
17 0
17 2
17 3
17 5
17 9
18 0
18 2
18 7
18 12
19 1
19 2
19 5
19 8
19 10
19 12
19 14
19 17
19 18
