20 152 3 1
0 1
0 3
0 4
0 5
0 6
0 7
0 8
0 9
0 11
0 16
0 19
1 4
1 5
1 6
1 7
1 9
1 10
1 16
2 5
2 9
2 15
2 16
3 1
3 2
3 4
3 5
3 6
3 7
3 8
3 9
3 11
3 13
3 15
3 16
4 2
4 10
4 12
4 19
5 4
5 9
5 10
5 11
5 12
5 14
5 16
5 18
6 2
6 4
6 5
6 8
6 10
6 11
6 13
6 17
6 18
7 2
7 5
7 6
7 8
7 11
7 13
7 15
7 17
7 19
8 1
8 2
8 4
8 9
8 18
9 4
9 7
9 10
9 11
9 13
9 18
10 0
10 2
10 7
10 8
10 15
10 17
10 19
11 1
11 4
11 12
11 17
11 18
12 0
12 3
12 7
12 10
12 13
12 15
12 19
13 0
13 2
13 4
13 8
13 10
13 11
13 14
13 16
13 19
14 0
14 1
14 2
14 3
14 6
14 8
14 11
14 12
14 17
14 18
15 0
15 1
15 5
15 6
15 8
15 9
15 13
15 14
15 17
15 18
16 4
16 6
16 7
16 8
16 10
16 11
16 17
17 0
17 2
17 3
17 4
17 8
17 9
17 13
17 18
18 1
18 2
18 3
18 4
18 7
18 13
19 1
19 3
19 5
19 9
19 11
19 14
19 16
19 18
