20 152 4 1
0 2
0 5
0 6
0 15
0 17
0 18
0 19
1 0
1 4
1 5
1 8
1 11
1 13
1 14
1 17
1 19
2 1
2 4
2 9
2 10
2 11
2 17
3 0
3 1
3 2
3 7
3 10
3 11
3 16
4 3
4 7
4 8
4 11
4 13
4 16
4 17
4 18
5 2
5 3
5 4
5 9
5 14
5 15
5 16
5 19
6 1
6 2
6 4
6 8
6 10
6 11
6 15
6 17
6 19
7 0
7 2
7 6
7 8
7 9
7 10
7 11
7 13
7 14
7 16
7 19
8 0
8 3
8 5
8 9
8 12
8 15
8 17
9 0
9 1
9 3
9 11
9 12
9 19
10 0
10 1
10 4
10 5
10 13
10 15
10 19
11 0
11 5
11 8
11 19
12 0
12 5
12 10
12 11
12 15
12 19
13 0
13 11
13 15
13 16
13 17
13 19
14 0
14 2
14 3
14 4
14 6
14 9
14 10
14 11
14 12
14 13
14 18
14 19
15 1
15 3
15 7
15 9
15 14
15 16
15 17
15 19
16 0
16 2
16 6
16 9
16 10
16 11
16 14
16 18
17 3
17 5
17 7
17 9
17 11
17 14
17 18
18 1
18 3
18 6
18 7
18 8
18 9
18 10
18 11
18 12
18 13
18 15
19 2
19 3
19 8
19 17
19 18
