20 152 4 1
0 1
0 3
0 4
0 7
0 10
0 12
0 14
1 4
1 6
1 9
1 10
1 13
1 15
2 0
2 4
2 8
2 9
2 11
2 13
2 15
2 16
2 17
3 1
3 2
3 4
3 5
3 6
3 9
3 12
3 15
4 7
4 10
4 11
4 13
4 15
4 17
4 18
5 0
5 2
5 4
5 6
5 11
5 12
5 16
5 19
6 2
6 4
6 7
6 9
6 13
6 17
7 1
7 3
7 10
7 11
7 13
7 14
7 15
7 17
7 18
8 1
8 4
8 5
8 11
8 14
8 15
8 18
9 4
9 5
9 7
9 8
9 16
9 17
10 2
10 3
10 5
10 6
10 9
10 13
10 15
10 16
10 18
10 19
11 0
11 3
11 6
11 9
11 10
11 13
11 15
11 17
11 19
12 1
12 4
12 6
12 7
12 9
12 11
12 13
12 15
12 16
12 19
13 3
13 5
13 8
13 18
13 19
14 1
14 3
14 6
14 9
14 10
14 11
14 13
14 17
14 18
15 0
15 5
15 6
15 9
15 13
15 17
15 18
16 1
16 4
16 6
16 7
16 11
16 13
16 14
16 15
16 18
16 19
17 1
17 3
17 8
17 12
17 13
17 19
18 0
18 1
18 2
18 5
18 9
18 11
18 12
18 17
19 0
19 2
19 3
19 4
19 18
