20 152 5 1
0 1
0 4
0 6
0 10
0 11
0 13
1 3
1 9
1 11
1 16
2 3
2 7
2 15
2 16
2 18
3 0
3 4
3 5
3 6
3 8
3 10
3 14
3 16
3 17
4 1
4 2
4 6
4 7
4 15
4 16
4 18
5 0
5 1
5 2
5 7
5 8
5 11
5 14
5 17
6 1
6 2
6 5
6 10
6 12
6 14
6 18
7 1
7 3
7 6
7 8
7 9
7 10
7 14
7 16
7 17
7 18
8 0
8 1
8 2
8 4
8 10
8 12
8 13
8 15
8 16
9 0
9 2
9 3
9 5
9 6
9 10
9 11
9 15
10 1
10 4
10 5
10 11
10 13
10 15
10 18
10 19
11 2
11 3
11 4
11 6
11 7
11 12
11 14
11 17
11 19
12 1
12 4
12 7
12 10
12 16
12 19
13 1
13 2
13 3
13 6
13 7
13 9
13 11
13 12
13 14
13 16
13 17
13 18
14 0
14 1
14 4
14 8
14 15
14 16
14 17
14 18
15 1
15 3
15 5
15 6
15 7
15 11
15 12
15 13
15 16
16 0
16 6
16 9
16 10
16 11
16 19
17 2
17 4
17 6
17 12
17 16
18 1
18 3
18 8
18 15
18 16
18 17
18 19
19 2
19 3
19 4
19 5
19 6
19 9
19 14
19 15
19 17
