20 152 5 2
0 1
0 6
0 8
0 10
0 12
0 13
0 14
0 15
0 16
0 17
0 18
1 7
1 9
1 14
1 15
1 17
1 18
1 19
2 3
2 5
2 6
2 9
2 11
2 15
2 18
3 0
3 1
3 4
3 5
3 6
3 9
3 11
3 12
3 14
3 15
3 16
4 1
4 2
4 5
4 8
4 9
4 11
4 15
4 16
4 17
5 0
5 6
5 7
5 9
5 15
5 16
5 17
6 1
6 4
6 8
6 10
6 13
6 16
6 18
7 0
7 3
7 4
7 6
7 9
7 16
8 1
8 7
8 9
8 10
8 14
8 16
8 17
9 0
9 6
9 11
9 16
9 17
10 1
10 3
10 4
10 5
10 7
10 9
10 11
10 13
10 14
10 15
10 16
10 19
11 1
11 5
11 6
11 12
11 15
11 16
11 19
12 1
12 2
12 5
12 6
12 7
12 8
12 9
12 14
12 16
12 17
12 19
13 1
13 2
13 3
13 4
13 5
13 9
13 11
13 12
13 16
13 17
13 18
14 2
14 4
14 7
14 11
14 18
15 6
15 8
15 12
15 14
15 16
15 18
15 19
16 1
16 14
16 17
17 6
17 15
18 4
18 5
18 7
18 8
18 10
18 17
19 0
19 2
19 3
19 4
19 5
19 6
19 8
19 9
19 14
19 16
19 18
