20 152 5 3
0 1
0 2
0 4
0 14
1 5
1 7
1 9
1 10
1 16
1 17
1 18
1 19
2 1
2 3
2 4
2 5
2 6
2 7
2 10
2 11
2 12
2 15
2 19
3 0
3 1
3 4
3 9
3 10
3 11
3 17
4 5
4 6
4 9
5 0
5 3
5 10
5 11
5 12
5 13
5 14
6 0
6 3
6 9
6 11
6 15
6 18
7 0
7 4
7 5
7 6
7 12
7 16
7 17
7 18
8 0
8 1
8 2
8 3
8 5
8 7
8 11
8 12
8 14
8 16
8 18
8 19
9 0
9 7
9 8
9 10
9 12
9 15
9 17
10 4
10 6
10 8
10 15
11 0
11 1
11 4
11 9
11 10
11 12
11 15
11 19
12 1
12 4
12 6
12 10
12 14
12 16
12 18
12 19
13 1
13 3
13 6
13 7
13 8
13 9
13 10
13 11
13 12
13 15
13 16
14 2
14 4
14 6
14 7
14 10
14 11
14 13
14 17
14 18
14 19
15 0
15 1
15 3
15 4
15 12
15 16
15 18
16 4
16 5
16 6
16 9
16 11
16 14
16 17
16 19
17 5
17 6
17 10
17 11
17 12
17 13
17 15
18 0
18 2
18 3
18 4
18 9
18 13
18 16
18 17
18 19
19 0
19 3
19 4
19 5
19 9
19 10
19 13
