20 152 3 2
0 1
0 3
0 11
0 13
0 15
0 17
1 4
1 10
1 11
1 12
1 13
1 16
2 0
2 1
2 5
2 7
2 9
2 10
2 11
2 12
2 14
2 15
2 17
2 19
3 2
3 5
3 7
3 8
3 11
3 12
4 2
4 10
4 11
4 12
4 14
4 17
4 19
5 1
5 4
5 8
5 9
5 12
5 17
5 18
5 19
6 0
6 1
6 2
6 4
6 5
6 7
6 9
6 11
6 14
6 17
7 0
7 1
7 4
7 5
7 11
7 16
7 17
8 0
8 2
8 7
8 9
8 15
8 17
9 0
9 1
9 4
9 7
9 11
9 12
9 15
10 0
10 3
10 5
10 6
10 8
10 9
10 11
10 12
10 13
10 15
11 5
11 8
11 15
11 17
11 19
12 0
12 6
12 7
12 8
12 19
13 2
13 4
13 5
13 6
13 8
13 9
13 14
13 15
13 18
14 1
14 3
14 7
14 9
14 11
14 15
14 17
14 18
14 19
15 1
15 3
15 5
15 7
15 12
15 16
15 17
15 19
16 0
16 3
16 4
16 8
16 9
16 11
16 13
17 1
17 3
17 9
17 12
17 13
17 16
17 19
18 0
18 1
18 2
18 6
18 7
18 9
18 15
18 16
18 17
19 0
19 1
19 6
19 7
19 8
19 9
19 10
19 18
