20 152 5 1
0 1
0 2
0 3
0 8
0 10
0 18
0 19
1 2
1 4
1 7
1 8
1 9
1 12
1 15
1 16
1 19
2 7
2 9
2 10
2 14
2 16
2 17
2 18
2 19
3 1
3 2
3 4
3 9
3 10
3 12
3 14
3 15
3 17
4 0
4 2
4 5
4 6
4 9
4 11
4 16
4 18
5 0
5 2
5 7
5 8
5 10
5 11
5 12
5 13
5 15
5 16
5 18
6 0
6 1
6 2
6 3
6 5
6 7
6 8
6 9
6 13
6 15
6 17
6 19
7 0
7 3
7 4
7 10
7 11
7 13
8 3
8 4
8 11
8 12
8 14
8 16
9 5
10 1
10 6
10 8
10 9
10 14
10 16
11 0
11 2
11 6
11 9
11 10
11 14
11 17
12 0
12 2
12 4
12 7
12 9
12 10
12 11
12 15
12 17
12 18
13 0
13 2
13 4
13 8
13 11
13 12
13 15
13 17
13 18
13 19
14 1
14 4
14 5
14 9
14 16
15 0
15 4
15 8
15 9
15 10
15 17
16 0
16 6
16 7
16 12
16 13
16 15
16 17
17 5
17 8
17 9
17 10
17 18
18 1
18 6
18 7
18 8
18 11
18 14
18 16
18 19
19 3
19 4
19 5
19 8
19 9
19 10
19 11
19 14
19 15
19 16
19 17
