20 171 4 1
0 1
0 3
0 5
0 10
0 11
0 12
0 15
0 16
1 2
1 5
1 8
1 9
1 10
1 12
1 15
1 18
2 0
2 4
2 6
2 11
2 15
3 1
3 2
3 11
3 12
3 13
3 14
3 15
3 16
3 18
3 19
4 0
4 1
4 3
4 8
4 10
4 11
4 12
4 16
4 17
4 18
4 19
5 2
5 3
5 4
5 8
5 10
5 11
5 12
5 17
5 19
6 0
6 1
6 3
6 4
6 8
6 13
6 14
6 17
6 19
7 0
7 1
7 2
7 3
7 4
7 6
7 11
7 12
7 13
7 14
7 17
7 18
8 0
8 3
8 7
8 11
8 12
8 14
8 15
8 16
9 0
9 3
9 4
9 5
9 6
9 7
9 8
9 12
9 15
9 16
9 18
10 2
10 3
10 6
10 7
10 8
10 9
10 12
10 14
10 17
10 19
11 1
11 6
11 10
11 12
11 17
11 18
11 19
12 2
12 6
12 13
12 16
13 0
13 2
13 4
13 5
13 8
13 9
13 10
13 11
13 17
13 18
14 0
14 2
14 9
14 11
14 12
14 15
14 18
14 19
15 5
15 6
15 10
15 12
16 2
16 5
16 6
16 7
16 10
16 11
16 13
16 14
16 15
17 0
17 1
17 2
17 3
17 8
17 9
17 12
17 14
17 15
17 16
17 18
17 19
18 0
18 2
18 5
18 6
18 8
18 10
18 12
18 15
18 16
19 1
19 7
19 9
19 12
19 13
19 15
19 16
