20 171 2 1
0 2
0 4
0 7
0 9
0 11
0 12
0 15
0 16
1 0
1 4
1 5
1 6
1 9
1 12
1 16
1 17
1 18
1 19
2 1
2 3
2 4
2 5
2 9
2 10
2 11
2 12
2 13
2 14
2 15
2 16
2 18
3 1
3 4
3 5
3 7
3 10
3 13
3 15
3 16
4 5
4 10
4 12
4 14
4 15
4 16
4 19
5 0
5 6
5 9
5 11
5 14
5 15
5 16
5 17
5 19
6 0
6 2
6 4
6 9
6 10
6 11
6 13
6 19
7 1
7 2
7 4
7 5
7 10
7 11
7 12
7 16
8 0
8 1
8 2
8 3
8 4
8 5
8 6
8 7
8 12
8 13
8 16
8 17
8 18
8 19
9 3
9 7
9 12
9 15
9 17
9 18
9 19
10 0
10 1
10 5
10 8
10 9
10 11
11 1
11 3
11 8
11 9
11 18
12 3
12 5
12 6
12 10
12 11
12 13
12 16
12 17
12 19
13 0
13 4
13 5
13 7
13 10
13 11
13 17
13 18
13 19
14 0
14 1
14 3
14 6
14 7
14 8
14 9
14 10
14 11
14 13
14 15
14 16
14 17
14 19
15 1
15 6
15 8
15 10
15 11
15 12
15 17
15 18
15 19
16 6
16 9
16 10
16 11
16 13
16 15
17 3
17 4
17 10
17 11
17 16
17 18
18 0
18 3
18 4
18 12
18 14
18 16
19 0
19 2
19 3
19 7
19 10
19 11
19 16
19 17
19 18
