20 171 4 1
0 4
0 6
0 9
0 11
0 13
0 19
1 3
1 6
1 9
1 11
1 18
1 19
2 0
2 1
2 3
2 4
2 5
2 10
2 16
2 18
2 19
3 0
3 7
3 9
3 10
3 11
3 13
3 14
3 16
4 1
4 3
4 5
4 6
4 9
4 11
4 14
4 16
4 17
4 18
5 0
5 1
5 13
5 16
6 2
6 3
6 5
6 8
6 10
6 13
6 15
6 16
6 17
6 18
6 19
7 0
7 2
7 5
7 6
7 8
7 9
7 14
7 17
7 19
8 0
8 1
8 2
8 3
8 4
8 5
8 9
8 10
8 15
8 16
9 2
9 5
9 6
10 1
10 4
10 5
10 9
10 11
10 13
10 14
11 5
11 6
11 8
11 9
11 13
11 14
11 15
11 17
11 18
11 19
12 1
12 3
12 5
12 7
12 8
12 10
12 11
12 13
12 16
12 17
13 1
13 2
13 4
13 7
13 8
13 9
13 14
13 15
13 16
13 18
14 0
14 1
14 2
14 5
14 6
14 8
14 9
14 12
14 15
14 17
15 1
15 2
15 3
15 4
15 5
15 7
15 9
15 10
15 12
15 16
16 0
16 1
16 9
16 10
16 11
16 14
16 17
17 0
17 1
17 2
17 3
17 5
17 8
17 10
17 13
17 15
18 0
18 3
18 5
18 7
18 8
18 9
18 10
18 12
18 14
18 16
18 17
18 19
19 3
19 4
19 5
19 8
19 9
19 12
19 13
19 14
19 16
19 17
