20 171 4 1
0 3
0 4
0 5
0 13
0 15
0 18
0 19
1 0
1 2
1 4
1 5
1 7
1 8
1 9
1 10
1 12
1 14
1 15
1 16
1 19
2 0
2 3
2 4
2 5
2 6
2 7
2 11
2 12
2 13
2 14
2 15
2 19
3 1
3 10
3 12
3 13
3 14
3 15
3 16
3 17
3 18
3 19
4 3
4 7
4 8
4 9
4 10
4 11
4 12
4 14
4 16
5 3
5 4
5 6
5 8
5 10
5 12
5 13
5 15
6 0
6 1
6 3
6 4
6 9
6 11
6 16
6 17
6 18
7 0
7 3
7 8
7 13
7 17
8 2
8 3
8 6
8 11
8 12
8 17
9 0
9 2
9 3
9 7
9 8
9 11
9 14
9 18
9 19
10 0
10 2
10 7
10 8
10 11
10 13
10 14
10 17
10 18
10 19
11 1
11 5
11 7
11 12
11 13
11 14
11 15
12 6
12 7
12 9
12 10
12 13
12 15
12 16
12 17
12 18
13 1
13 6
13 8
13 9
13 14
13 15
13 17
14 0
14 5
14 6
14 8
14 12
14 17
14 19
15 4
15 6
15 7
15 8
15 9
15 10
15 14
16 0
16 2
16 5
16 7
16 8
16 10
16 11
16 13
16 15
17 0
17 2
17 4
17 5
17 9
17 11
17 15
17 16
18 1
18 2
18 5
18 7
18 8
18 11
18 13
18 14
18 15
18 16
18 17
18 19
19 4
19 5
19 6
19 7
19 8
19 13
19 16
