20 171 3 2
0 3
0 6
0 11
0 13
0 15
0 16
0 17
1 0
1 2
1 3
1 4
1 7
1 9
1 10
1 11
1 12
1 17
1 19
2 0
2 3
2 6
2 10
2 11
2 13
2 14
2 19
3 8
3 9
3 12
3 13
3 16
3 17
3 18
3 19
4 0
4 2
4 3
4 5
4 6
4 7
4 9
4 12
4 14
4 15
4 18
4 19
5 0
5 2
5 3
5 6
5 10
5 12
5 17
6 3
6 8
6 9
6 10
6 12
6 17
7 0
7 2
7 3
7 6
7 8
7 12
7 13
8 0
8 1
8 2
8 4
8 5
8 11
8 12
8 13
8 15
9 0
9 2
9 5
9 7
9 8
9 12
9 14
9 17
9 19
10 0
10 3
10 4
10 7
10 8
10 9
10 11
10 13
10 15
10 18
11 4
11 5
11 6
11 7
11 12
11 13
11 15
11 16
11 17
11 19
12 0
12 2
12 10
12 14
12 16
12 17
12 19
13 1
13 6
13 9
13 12
13 14
13 19
14 0
14 1
14 3
14 5
14 6
14 7
14 15
14 16
15 1
15 2
15 3
15 5
15 6
15 7
15 9
15 12
15 13
15 17
15 19
16 2
16 5
16 6
16 7
16 9
16 10
16 13
16 15
17 2
17 4
17 8
17 10
17 14
17 16
17 18
17 19
18 0
18 1
18 2
18 5
18 6
18 7
18 8
18 11
18 13
18 14
18 15
18 16
19 0
19 5
19 6
19 7
19 8
19 16
19 18
