20 115 5 4
0 2
0 3
0 12
1 0
1 4
1 18
2 6
2 11
2 13
2 15
3 1
3 10
3 13
3 14
3 15
3 18
3 19
4 9
4 16
4 18
5 0
5 1
5 2
5 3
5 7
5 8
5 9
5 13
5 15
5 16
5 17
5 19
6 0
6 3
6 4
6 5
6 10
6 11
6 15
6 17
7 3
7 4
7 9
7 10
7 13
7 15
7 18
8 1
8 2
8 4
8 6
8 7
8 9
8 10
8 16
8 19
9 0
9 1
9 10
9 15
9 18
10 0
10 12
10 13
11 3
11 5
11 7
11 9
11 10
11 13
12 1
12 2
12 3
12 6
12 8
12 11
12 17
12 18
12 19
13 1
13 6
13 12
13 15
14 4
14 5
14 6
14 7
14 10
14 12
14 19
15 1
15 8
15 10
15 17
15 19
16 6
16 7
16 10
16 12
16 13
16 14
16 19
17 1
17 7
17 8
17 9
17 11
17 14
17 16
18 13
18 15
18 19
19 4
19 10
19 13
