20 115 5 3
0 3
0 9
0 10
0 12
0 13
1 4
1 6
1 16
1 17
2 1
2 3
2 4
2 6
2 10
2 13
2 16
2 18
3 4
3 6
3 10
3 17
3 19
4 7
4 15
5 0
5 2
5 4
5 7
5 11
5 12
5 18
6 0
6 12
6 19
7 2
7 3
7 14
7 19
8 2
8 4
8 6
8 7
8 13
8 14
8 17
8 18
8 19
9 1
9 2
9 4
9 5
9 7
9 11
9 15
9 16
9 18
10 1
10 4
10 5
10 6
10 7
10 12
10 16
11 2
11 3
11 12
11 13
11 16
12 1
12 4
12 9
12 16
13 4
13 7
13 12
14 2
14 3
14 6
14 9
14 11
14 12
14 15
14 18
15 2
15 3
15 10
15 19
16 0
16 5
16 6
16 7
16 8
16 15
16 17
17 5
17 6
17 7
17 10
17 11
17 14
17 15
17 18
18 0
18 3
18 4
18 7
18 11
18 15
18 19
19 1
19 2
19 4
19 9
19 10
19 14
