20 115 2 1
0 4
0 6
0 7
0 9
0 10
0 11
0 14
0 15
0 16
0 17
0 19
1 6
1 13
1 14
1 17
2 1
2 4
2 5
2 6
2 10
2 12
2 16
2 18
2 19
3 5
3 6
3 7
3 9
3 11
3 15
4 3
4 7
4 8
4 9
4 10
4 11
4 14
4 15
4 17
4 19
5 4
5 14
5 15
6 4
6 9
6 10
6 18
7 1
7 9
7 13
7 16
7 19
8 0
8 1
8 3
8 5
8 6
8 9
8 10
8 12
8 13
8 16
9 10
9 12
9 16
9 17
9 18
9 19
10 15
10 16
10 19
11 2
11 7
11 8
11 16
11 17
12 0
12 1
12 3
12 5
12 6
12 10
12 13
12 17
13 2
13 3
13 5
13 11
13 15
14 6
14 12
14 13
15 6
15 9
16 1
16 4
16 5
16 13
16 15
16 17
16 18
16 19
17 14
18 1
18 7
18 10
18 11
18 12
18 14
18 15
19 1
19 5
19 6
19 14
19 15
