20 115 4 3
0 1
0 2
0 8
0 12
0 13
0 14
0 17
0 19
1 3
1 9
1 12
1 14
2 3
2 8
2 16
3 6
3 9
3 14
3 17
4 7
4 9
4 11
4 13
4 16
4 18
4 19
5 1
5 2
5 3
5 4
5 15
5 16
6 2
6 4
6 5
6 7
6 9
6 12
7 9
7 12
7 17
8 1
8 4
8 5
8 9
8 10
8 11
8 15
8 17
9 0
9 5
9 10
9 11
9 12
9 19
10 1
10 2
10 3
10 4
10 7
10 12
10 15
11 5
11 6
11 7
11 12
11 13
11 14
11 16
11 19
12 4
12 14
12 16
13 1
13 5
13 6
13 7
13 8
13 9
13 10
13 14
14 4
14 15
14 17
14 19
15 1
15 2
15 4
15 6
15 7
15 9
15 11
15 17
15 19
16 1
16 6
16 8
16 17
17 2
17 10
17 12
17 13
18 1
18 2
18 5
18 7
18 10
18 12
18 13
18 14
19 2
19 5
19 6
19 7
19 12
