20 115 5 1
0 5
0 6
0 8
0 10
0 12
0 15
0 17
0 18
1 0
1 2
1 9
1 13
1 15
1 16
1 18
2 0
2 8
2 12
2 15
2 19
3 2
3 4
3 9
3 11
3 13
3 19
4 2
4 9
4 11
4 13
4 14
4 17
5 3
5 7
5 8
5 12
5 14
5 15
6 1
6 2
6 4
6 5
6 7
6 9
6 11
6 12
6 14
6 16
6 17
6 19
7 1
7 8
7 9
7 15
8 1
8 10
8 13
8 17
8 18
9 16
9 18
10 2
10 5
10 13
10 14
10 15
10 17
10 18
11 0
11 1
11 2
11 9
11 12
11 13
11 15
12 7
12 8
12 9
12 14
12 17
12 19
13 2
13 7
13 12
13 17
13 18
13 19
14 0
14 3
14 7
14 8
14 15
14 18
15 8
15 12
16 0
16 3
16 7
16 8
16 10
16 15
16 19
17 9
17 15
17 18
18 5
18 7
18 15
19 0
19 1
19 4
19 5
19 10
19 14
19 18
