20 115 3 2
0 2
0 4
0 6
0 8
0 12
0 14
0 19
1 2
1 6
1 8
1 9
1 13
1 17
2 4
2 5
2 8
2 10
2 12
2 16
2 17
2 18
2 19
3 2
3 4
3 13
4 1
4 12
4 13
4 19
5 3
5 4
5 8
5 9
6 4
6 5
6 9
6 10
6 11
6 16
6 18
6 19
7 1
7 2
7 3
7 5
7 6
7 10
7 12
7 15
8 4
8 6
8 9
8 10
8 11
8 15
8 17
9 3
9 13
9 14
9 17
9 18
10 0
10 1
10 4
10 5
11 2
11 3
11 5
11 7
11 16
12 1
12 3
12 5
12 6
12 11
12 18
13 0
13 8
13 10
13 11
13 15
14 1
14 4
14 8
15 0
15 4
15 10
15 11
15 12
15 16
15 17
15 19
16 4
16 12
16 14
16 17
17 4
17 5
17 10
17 11
18 1
18 3
18 4
18 7
18 8
18 10
18 13
18 17
18 19
19 3
19 5
19 9
19 10
19 11
19 17
