20 115 3 2
0 2
0 7
0 8
0 9
0 10
0 12
0 14
0 15
0 16
0 17
0 18
1 0
1 3
1 4
1 9
1 10
1 17
1 18
1 19
2 3
2 4
2 5
2 8
2 10
2 12
2 14
2 16
3 4
3 7
3 10
3 11
3 12
3 15
3 16
3 17
3 18
4 0
4 8
4 12
4 15
4 16
4 17
5 0
5 4
5 9
5 10
5 11
6 9
6 13
6 19
7 4
7 5
7 12
7 16
8 1
8 9
8 11
8 12
8 14
9 2
9 10
9 12
9 18
10 4
10 7
10 8
10 12
10 13
10 17
10 18
11 1
11 6
11 7
11 10
11 13
11 15
11 18
11 19
12 1
12 6
12 11
13 1
13 3
13 5
13 7
13 12
14 5
14 11
15 2
15 7
15 14
15 16
15 19
16 10
16 13
16 14
16 19
17 5
17 6
17 8
17 9
17 13
17 14
17 15
17 18
18 4
18 16
19 0
19 4
19 8
19 10
19 12
19 13
19 17
19 18
