20 115 5 1
0 1
0 2
0 4
0 6
0 9
0 18
1 2
1 4
1 11
1 12
1 13
1 14
1 15
1 17
1 18
2 4
2 5
2 9
2 15
2 16
3 0
3 2
3 8
3 10
3 13
3 14
3 16
4 3
5 3
5 7
5 8
5 15
5 16
5 17
5 18
6 2
6 7
6 8
6 15
6 17
6 19
7 0
7 3
7 4
7 8
7 11
7 13
8 2
8 9
8 12
8 13
8 18
8 19
9 1
9 3
9 5
9 7
9 12
9 13
9 17
9 19
10 0
10 1
10 4
10 5
10 9
10 11
10 14
10 15
10 16
10 19
11 4
11 8
11 13
11 14
11 18
11 19
12 4
12 5
12 10
13 0
13 2
13 10
13 12
13 18
14 0
14 4
14 5
14 7
14 8
14 16
14 19
15 8
15 9
16 1
16 4
16 8
16 9
16 11
16 12
16 13
16 15
16 17
16 18
17 3
17 4
17 11
18 4
19 4
19 5
19 7
19 12
19 13
19 15
19 17
