20 115 5 4
0 1
0 3
0 7
0 8
0 10
0 11
0 13
0 15
1 3
1 10
1 16
1 18
2 1
2 4
2 7
2 8
2 10
3 4
3 5
3 6
3 8
3 11
3 12
3 13
3 18
4 0
4 5
4 12
4 14
5 1
5 10
5 15
6 2
6 7
6 12
7 1
7 4
7 8
7 11
7 13
7 16
7 18
8 1
8 6
8 14
8 15
8 19
9 4
9 10
9 16
9 17
10 6
10 7
10 8
10 12
10 16
11 6
11 8
11 9
11 10
11 17
12 5
12 8
12 9
12 11
12 14
13 1
13 2
13 6
13 8
13 10
13 11
13 17
13 18
14 2
14 3
14 5
14 6
14 15
14 17
15 2
15 3
15 4
15 6
15 7
15 11
15 13
15 18
16 2
16 3
16 6
16 8
16 11
16 13
16 15
17 0
17 2
17 3
17 4
17 10
17 15
17 19
18 11
18 12
18 17
19 0
19 1
19 2
19 3
19 7
19 9
19 10
19 13
19 14
19 16
