20 115 4 3
0 1
0 2
0 10
0 14
0 18
1 3
1 4
1 5
1 11
1 15
1 16
1 17
1 19
2 1
2 10
2 11
2 18
2 19
3 2
3 4
3 7
3 8
3 9
3 10
3 12
3 14
3 16
4 0
4 8
4 10
4 12
4 17
4 18
5 4
5 11
5 12
5 13
5 18
5 19
6 4
6 5
6 8
6 13
6 14
6 16
7 2
7 6
7 10
7 11
7 15
8 1
8 2
8 5
8 10
8 11
8 13
8 14
8 19
9 6
9 8
9 16
9 19
10 5
10 14
10 19
11 3
11 4
11 9
11 12
11 13
11 17
11 18
12 2
12 6
12 7
12 8
12 9
12 13
12 17
13 0
13 7
13 9
14 2
14 7
14 9
14 13
14 15
15 3
15 6
15 8
15 10
15 17
16 5
16 7
16 8
16 13
17 0
17 3
17 6
17 9
17 13
17 14
18 3
18 6
18 7
18 8
18 9
18 13
18 16
18 17
19 3
19 7
19 12
19 13
19 15
